145
1	0.0166443350867275	0.0800583749421402	0	0.0111992546024197	0	0	0	0	0	0	0	0	0	0	0	0	0	0.00482472893172743	0	0	0	0.0180552614478965	0	0	0	0	0	0	0	0	0	0	0	0	0	0	0	0	0	0	0	0	0	0	0	0.010281179816629	0	0	0	0	0	0	0	0	0	0	0	0	0	0	0	0	0	0	0	0	0	0	0	0	0	0	0	0	0	0	0	0	0	0	0.00960961134280446	0	0	0	0	0	0	0	0	0	0	0	0.00873046187645916	0	0	0.0273877861703279	0	0	0	0	0	0	0.0318736373757927	0	0	0	0	0	0	0	0	0	0	0	0.0270872252339308	0	0	0	0	0.00328230714365747	0.0059080392435366	0	0	0	0	0	0.00945502306248401	0	0	0	0	0	0	0.012712320904523	0.0101715956065453	0	0.00329713532498712	0.0133714218475153	0	0	0	0	0	0.00829939823245046	
0.0166443350867275	1	0.110998784305686	0.00285943131794798	0	0	0	0.0137646542530892	0	0	0.293736519859763	0.00991244349415301	0.0306749909436896	0.0065475189085867	0.06522124427994	0.00759175032645887	0.0103130495672431	0	0.0191124484000674	0	0.352093425414023	0.0342642617836442	0	0.0140924300295851	0.0380438320184787	0.0344611844497943	0	0.00845647693177752	0	0.0308402864565139	0.0038825364323034	0.00449551725411984	0	0	0.00750692363806564	0.0881264556722277	0.0100407477101102	0	0.00385292092410826	0	0	0.00855920985021826	0.00366973094812564	0.00821710440775787	0.129027463019714	0.0189041321150892	0.00678789494420995	0.121580977104795	0.00936366804023086	0.00685285235672883	0	0	0	0.00378267207918001	0.00429034422662483	0	0.00566847519876197	0	0.141219757622721	0.00708365247382402	0	0	0.127635131594098	0.164468456561492	0.00660357376458606	0	0.00817483265570345	0.0740066156582618	0.167504226931328	0.164468456561492	0	0	0	0	0	0.196794974603603	0.00295672998073993	0.00626470013790735	0	0.243539704941548	0	0.0211483615087775	0	0	0	0	0	0.00242869442771097	0	0	0.00219828539055241	0	0.0086077654800105	0.0115281434794058	0.00386665687114833	0.00695260800104374	0.0135615818365017	0	0	0	0	0	0.00333672739905037	0.00701459384543874	0	0	0	0	0.0104861257937076	0.0154492640587296	0	0	0.00880476501944808	0	0	0.0380028012647402	0	0	0.0107551754929581	0.115353915739165	0.0195035597245042	0.0117019108001202	0	0.0580724587952978	0.0227852117281491	0.304767197609276	0.0303287489839195	0.00936366804023086	0.00334691590337005	0	0.00487706244284942	0	0.0108632011224913	0.00625076307917994	0	0.00671554467713369	0.00997518641362241	0.00653055639586924	0	0.0111469213506304	0.0191389750587738	0	0	0.00608276557168177	0.0109589452391286	
0.0800583749421402	0.110998784305686	1	0.0632670844195014	0.00711298005066182	0.0464627463405063	0.127299031443159	0.0838625316566235	0.0214999910416723	0.0156752214160657	0.374266804360281	0.0467247643981213	0.10855103085164	0.0755837304634483	0.060999312329996	0.0839866140132602	0.0515894341311353	0.146570975460552	0.0796725539643638	0.0301908555517293	0.135682142354561	0.0505415168680787	0.0668933657739721	0.0553568076090235	0.128092179499554	0.0497269445355955	0.0559830055169571	0.0745712156821684	0.0530592401440628	0.0917011856064229	0.0616268258331746	0.0410840822193457	0.0343350276523241	0.0247016090877785	0.0144431628934824	0.148359263245925	0.0563447121278624	0.0246917343685801	0.0500373360164292	0	0.0457460543366814	0.0782217621112987	0.100611911470812	0.0830000625794359	0.135205476059851	0.0522835307712973	0.0734611884631969	0.104167160667889	0.103589124987728	0.0527389741232126	0.00550148560169577	0.0667335130874858	0	0.0745972590603839	0.0825453188574345	0	0.10360725494306	0	0.097037084956597	0.0511079928474982	0.0168073161363204	0.0269675892785947	0.12396426386436	0.0889970188329212	0.0476442628962285	0.0177347217755567	0.059963784495134	0.0854323014339105	0.137332927398146	0.075812275302118	0.0153429102983054	0.0482247308212749	0.0377247016962145	0.0424144904238932	0.0484438410598937	0.121429120711823	0.0782194349561167	0.0622746137859989	0.0774833899608714	0.0985842750905563	0.0141673444416411	0.0569646026654304	0.0642452424540228	0.0315984045159039	0.0634393932556415	0.00280446714770197	0.0540347698795156	0.0549048935912441	0.075221825583488	0.0250780988221459	0.0909332775351482	0.0477638559028002	0.0952266665523387	0.0526772746907241	0.0576550891486506	0.0914072538041392	0.0706663687256186	0.0594876831419577	0.0210847797128082	0.0573549787275428	0.0368229847159329	0.0869399808732063	0.0722226735465428	0.0652303319431506	0.0667461269261936	0.0616476832596677	0.0252296420887152	0.0593313458886141	0.0807003402523448	0.0626328375568721	0.0287305715345166	0.0691389230315754	0.0444679787031466	0.0680243430550708	0.010152298797109	0.083869028371865	0.0585971566569061	0.0513176125456962	0.0465586447837937	0.324204283999255	0.0865146763392048	0.089118826277258	0.0679889413649005	0.123701278483419	0.0438382672341851	0.378003023766443	0.0785505995569723	0.0780671666574179	0.0724432013072516	0.0636495157215793	0.0961794950467324	0.0205846742398155	0.0512063966223075	0.0706547266322659	0.0121109602649734	0.0850603957867107	0.0575761453870037	0.101564277556123	0.0084925881433047	0.0825688008926494	0.0889888797301713	0.056517814569876	0.0588133549709013	0.0146288909795851	0.0711611315307278	
0	0.00285943131794798	0.0632670844195014	1	0	0.116536805635255	0.132813300622715	0.118195327606383	0.116310526299809	0.00726854755786975	0.0516300126421729	0.0665459290137395	0.400234554895981	0.166964406787615	0.0763699762464897	0.209396223036086	0.114318828681049	0.140285635486352	0.154169719253764	0.0267261241912424	0.324679965545235	0.115905966721706	0.0635873698325127	0.0825067474943706	0.372874347127346	0.10581159705644	0.0813926943576312	0.0968195827728302	0.0246033915652561	0.0897329388048803	0.451589800627262	0.168446977522463	0.0835854446664162	0.0133630620956212	0.134782078894817	0.0884490330984119	0.117570842535115	0.0641170563637501	0.099253619268554	0.0401055592449842	0.128237946199559	0.126949089908402	0.146098822963871	0.086595413477195	0.0791387386719812	0.13465792979803	0.182808558340947	0.0726647948720225	0.109642665316704	0.139087160066047	0.0446428571428571	0.0706332855087437	0.0484571803785692	0.124019592706153	0.207647231084769	0.0172516389835589	0.216822649655217	0.0432292813278176	0.052495065695726	0.154830884321333	0.0227310302329159	0.0417773352989495	0.0670621152561681	0.0695435800330234	0.139182654179642	0.0143911791835001	0.100508257970091	0.0531496841652198	0.0549777724298983	0.0534950615638641	0.00996023841111995	0.046959456219825	0.0462919684111068	0.0594493582007089	0.214024820830725	0.0667251534940123	0.182339631513813	0.0896569662582861	0.176649873632206	0.112938487863156	0	0.189852745731849	0.1954988653496	0.0797724035217466	0.1849757815454	0	0.129454664051331	0.11185803981835	0.24416075632469	0.00407002058784421	0.14071495060506	0.015901084888526	0.154546999805877	0.0742430214839554	0.0694233852098424	0.0651285345752502	0.0970429755900795	0.232742016619628	0	0.0979827252087026	0.116534789410103	0.0694292831675202	0.119817671587556	0.078485973106114	0.225246894919256	0.0522651256254432	0.107089934019281	0.0427960492510913	0.212828962426139	0.111986437554057	0.105690005401674	0.277567659866151	0.0738870880212914	0.0997155044021832	0.0549218468954683	0.0994681089442248	0.123969078444923	0.0734870439065269	0.109144830317163	0.0865168227255552	0.098116418105389	0.0791682769845359	0.0441367414752375	0.090665597234677	0.109684651260601	0.0852880666082569	0.0928803058809975	0.0925871396007722	0.109732786366107	0.0516496169088336	0.144671914669878	0.111358850796843	0.0881928700460043	0.07319250547114	0	0.153774731245135	0.0837089320321588	0.101958279051578	0	0.160108753502879	0.0896421457000795	0.104828483672192	0.128858098779205	0.113960576459638	0.0834095328823033	
0.0111992546024197	0	0.00711298005066182	0	1	0.0088631030369636	0	0	0	0	0.00392667466173346	0	0	0	0	0.00510816108549831	0	0	0	0	0	0	0.0040104084857202	0	0	0	0.00489461543409879	0	0	0	0	0.013611777770788	0	0	0	0	0.155387671338019	0.0207245540496343	0	0	0	0	0	0	0	0	0.123316600456644	0	0	0	0.0346317822404708	0.0284116554834306	0	0	0	0	0	0	0	0	0.0352672807929299	0	0	0	0	0.0372132830471039	0	0	0	0	0.0386333704643128	0.00404765426970713	0	0	0	0	0	0	0.00387108697808457	0.00973469433874282	0.574736525584828	0.00853789173529713	0	0.360987639655041	0	0	0	0.0147074727798482	0	0.0105244209811965	0.0133121821234463	0	0.0651576805258546	0	0	0.004678109804254	0.00456250150598219	0	0	0.00633419061847725	0	0	0.00673541949608427	0.00943963480647277	0	0.00386140682545322	0	0	0	0	0	0	0	0	0	0.00451243138653468	0.0526954799426542	0	0	0.0228284324934769	0.00437436781283415	0.0551159745293146	0.0190217566880367	0	0.0229967781215601	0.00386914512344616	0	0.0126008160552725	0	0	0	0	0	0	0.609906732814527	0.00451860012678532	0	0.0571236834690123	0.677169308568729	0.00450016932205617	0	0	0	0	0.011060701788398	
0	0	0.0464627463405063	0.116536805635255	0.0088631030369636	1	0.158620497196728	0.0329989275522815	0.026789985988841	0.0334835192358467	0.0769483764063866	0.0665385411360726	0.105056014713558	0.0967969679337298	0.0738363159080811	0.109201269168793	0.0815897427237846	0.177951304200522	0.0992756973834753	0.0547188454445416	0.0740436097198865	0.128692281834649	0.102404175915873	0.0563078772910345	0.0861380806294838	0.0633390142768393	0.145327961077745	0.0709564748746403	0.0850040666498468	0.144510264774701	0.102386510915748	0.121245801843238	0.0780161260817993	0.0461690258438319	0.0179968508266339	0.0955751818445321	0.0722140709452912	0.049227273927124	0.080822572139388	0	0.290190500044005	0	0.0747803802020149	0.0590982442541803	0.0994262717998994	0.0538176686917469	0.0732288383130258	0.0796999818967205	0.145912965513827	0	0.0479857434968697	0.0915888692544156	0	0.176834835964315	0.0977125308927537	0	0.129099444873581	0	0.0483650833406674	0	0.0349044923576413	0.0916441826577421	0.0647282835592044	0.0492864058090144	0.00791559483576629	0.0294643811377887	0.071043017702517	0.0248389423012773	0.050196137763207	0.0575008067771835	0.0229415733870562	0.0721083014693441	0.0871344225459008	0.0960916767552923	0.0201210909146383	0.078631628883086	0.205562637631945	0.0775970570198726	0.179303238220968	0.0549169647365276	0.0235375576578925	0.233221764066942	0.122580469846174	0.301860261089267	0.136659991162234	0	0.11542256460958	0.0756921336278975	0.158416704338005	0	0.0764164036102881	0.0305210152313104	0.100600366937366	0.0967301666813349	0.0695234661988982	0.0888957483933856	0.0677335175976515	0.169427227844512	0.0262726134159355	0.12036541232612	0.0917662935482247	0.0619035704964818	0.0959923209214771	0.100899333840818	0.176898653177438	0.0825484003066429	0.101566675015402	0.164288019363381	0.175973641840737	0.111112666406932	0.0906923823984585	0.163232156274753	0.0870715431934292	0.120306625796447	0.0590344307280065	0.0696697994160408	0.151244890822348	0.12036541232612	0.128920512778062	0.0894706573679	0.0701357850179277	0.0748100653778524	0.0734217243142377	0.0596661407025422	0.0318642999234973	0.0459521267380519	0.0727091412591842	0.0486376551712756	0.092273535096761	0.0679802130843119	0.0350763253316201	0.0341992784028385	0.0572947751914874	0.10489761089715	0.0201210909146383	0.0697650418383842	0.0717425474838398	0.0808900579223947	0.0211643174108443	0.130943979576502	0.0458831467741124	0.140847636402468	0.0586273344048659	0.0218739319629904	0.0525452268318709	
0	0	0.127299031443159	0.132813300622715	0	0.158620497196728	1	0.011839502334611	0.0192236612027198	0.0120133662991235	0.120470755718014	0.0409251332810666	0.169616093817887	0.135162477421573	0.140248178363304	0.143658966607306	0.111770138901362	0.423400865236394	0.156173761888606	0.0515347121682617	0.138141621163723	0.129676773543119	0.174306266428951	0.0606071736956886	0.141799432719499	0.077067574109506	0.106368484028637	0.0872848470020035	0.0745510039415391	0.20980368466404	0.190352478429791	0.0754019227735464	0.124604978838617	0.0441726104299386	0	0.140773126592868	0.0604550013669154	0.0529859423761566	0.149131968350139	0	0.089242149650632	0	0.00946942523848213	0	0.0713452020664341	0.0853658536585366	0	0.0980403936104212	0.112756655284049	0	0	0.0778278856008294	0	0.078086880944303	0	0	0	0	0.0173526402098451	0	0.0300556544889144	0.131522033594675	0.0886715535891745	0.0176831963922435	0.0170399544147749	0.0317140860456174	0.137113943902035	0.00763870838527749	0.0589404897108123	0.035366392784487	0.0164621599441598	0.108659618995249	0.118468332232976	0.113771460520317	0.115506155153123	0.0666824513636244	0.114443813042872	0.145489681375552	0.118765320245334	0.155552790197199	0	0.152800280716202	0.123861949084067	0.0659234253087216	0.138441828287739	0	0.234666992909049	0.106539632142584	0.142093628488353	0	0.124794702381369	0.0394216772605062	0.0999521947957537	0.118989532867509	0.0399103026154045	0.0897030362838773	0.169140064436022	0.142471537742141	0	0.0647778588251264	0.108650255631455	0.0814368096132765	0.0688811056573854	0.150837969996197	0.159144863906955	0.0789788881553174	0.0937042571331636	0.212198356706922	0.169115913483302	0.0797309955752651	0.0924793122085666	0.214738922596833	0.0511198632443248	0.0824042816359019	0.0181548310532899	0.0922945521918263	0.0898167991789965	0.0971667882376896	0.0925093525901315	0.116729750202629	0.139797942278904	0.0905873245495467	0.0972648869888103	0.107036419748152	0.0783937068058163	0.113759671293604	0.0903008417341892	0.0563783276420245	0.103637145200426	0.0487804878048781	0.0629242018540353	0.0368105086916155	0.0560631132549743	0.0887125622400063	0	0.144407381074001	0.0514802220211628	0.101109236231001	0	0.086291016857474	0.0164621599441598	0.173259232729684	0.0946555937784399	0.0313921072898674	0.070696540224258	
0	0.0137646542530892	0.0838625316566235	0.118195327606383	0	0.0329989275522815	0.011839502334611	1	0.00933154184926424	0	0.0755352013181174	0.114228704499251	0.10703546839508	0.142156116150458	0.113465356735747	0.126790686348973	0.0671733717434757	0.0293610109757352	0.159599588121874	0	0.105743178684155	0.103005240524921	0.00746573623952102	0.14121556681457	0.140311839811775	0.106474930360732	0.0212607897412355	0.225972134101929	0.00986959587102306	0.0948191770458483	0.0486320121702676	0.101358196253097	0.0078894389285768	0	0.075224391702326	0.113013979636505	0.180268545696725	0.0192903110452701	0.120652632975518	0	0.0108299720511272	0.300191509754583	0.216042294834921	0.133803926141903	0.103897077430747	0.180552410602817	0.14454089278964	0.142772184691522	0.160293277923374	0.180259170918612	0.00716335318826566	0.0705211374261764	0	0.236905638618407	0.139724378208135	0	0.17750596785096	0	0.117926362334496	0.168584462944472	0.00729480182554014	0.00319216861878372	0.15065018393263	0.111589010568664	0.157159027878731	0.00769731941343139	0.125435844830852	0.137195213239293	0.12398043097659	0.128756550656151	0.0079910550247564	0.0301402904706628	0.00479223749483678	0.0301237616564389	0	0.109556509048413	0.174066910974095	0.0993960965909379	0.0528467625940225	0.14799641015977	0	0.113907384682632	0.0339837054018129	0.00914300641764989	0.0196006930927619	0	0.0201021100282087	0.0943064223555289	0.0165540076068166	0	0.206515206742648	0	0.191379529623225	0.119129692562399	0.116239457763567	0.0783785008938438	0.124571437059683	0.0165980343005428	0	0.0353749972977434	0.0239731650742692	0.0395310231991259	0.221515079803391	0.105436377237076	0.0248310114102248	0.043130137453531	0.0202159478287708	0.0171675400874868	0.124780111096138	0.135460456734479	0.019951675708737	0.00947622554473629	0.135101620457154	0.0400006530772183	0.00881271075023565	0.126004455596326	0.0381489800529667	0.0943333261273156	0.148189313363958	0.0764949260048569	0.11943476269715	0.127032713773655	0.0354107115898256	0.128162019816695	0.142701905492239	0.0960368237364749	0.14026815388064	0.222846752234934	0.364729383153839	0.24862954902683	0.146614274999663	0.0178685422472966	0.133349255477807	0.133103249756666	0	0.157019906489126	0.159308117076629	0.079073985148151	0	0.159171931965135	0.59932912685673	0.021025856676559	0.0153158933548256	0.0685725481323742	0.137269943897579	
0	0	0.0214999910416723	0.116310526299809	0	0.026789985988841	0.0192236612027198	0.00933154184926424	1	0.00946857622917944	0.031650482901036	0.00403199584646581	0.0846680122967758	0.00887758538368132	0.0147385896095127	0.0308802827493981	0.0125848403708071	0.0158910431540932	0.0129569990504561	0.0116051770637132	0.0628148634537008	0.027874733666903	0.00808135229794045	0.00477687627167927	0.0859708264514137	0.0233624455039471	0.0147946693560266	0.00573294228356731	0.00534171572053508	0.0570210320950394	0.0236889684839567	0.0640010449235492	0.0213499825634764	0.00870388279778489	0.030535240827623	0.0128022889124797	0.0136139500102255	0	0.00783609065309135	0	0.0527534961339997	0	0.0820986971786482	0.0334239795279525	0.0328020908317394	0.0288354918040797	0.0414157683281291	0.0193181269372173	0.0126959179029756	0.139373668334515	0.0930484210398471	0.089967699215518	0	0.0307728727448332	0.0872572444517021	0	0.0461142975910716	0	0	0.129660923828729	0.0118444842419784	0.00518308677975936	0.0349441340426006	0	0.188025358272589	0	0.00415650431359228	0.0180618048690688	0.00774252203637416	0	0	0.00815640607440314	0.00778109986383478	0.00815193313407531	0	0.0121285649954833	0.0120268256848036	0.00849411985729376	0.00780060628668182	0.009808164772275	0	0.0688186365456679	0.00848906834340226	0.0148453923805041	0.0090929759112361	0	0.0326395604916933	0.0839713535118287	0.0447975802792537	0	0.0715341485217609	0.0103569958918854	0.0131298887163491	0.00586149957044442	0.00786402689375972	0.00471341679422921	0.00919387193624105	0.0494083952894412	0	0.108493940651227	0.00778498944161523	0.0116701925699776	0.0135725071438698	0.00475543917200918	0.0403178222513283	0.0311243994553391	0.00820609939862218	0.0139373668334515	0.010663368641316	0.0134660544638727	0.00809882551249771	0.0230796545586249	0.00447679424458545	0.0556702214268904	0.171709142109643	0.0363719036449444	0.0398198904901424	0.0127639930177914	0.00729131065433012	0.0506015949874114	0.0793328828021918	0.0198328393034593	0.0239566489406695	0.0618661315456904	0.084957917635903	0.0350851196968909	0.0759172525872613	0.00634795895148782	0.0136139500102255	0	0.495949750536346	0.29012942659283	0.0706996321640269	0.00635641726163728	0	0.0409743292775344	0.0050718965272251	0.0309910524671189	0	0.0498754668053816	0.012974982402692	0	0.621705914127492	0.148453923805041	0.0111441799672998	
0	0	0.0156752214160657	0.00726854755786975	0	0.0334835192358467	0.0120133662991235	0	0.00946857622917944	1	0.0173068093297407	0.0730712756935851	0.00835440708756919	0.0138695854995119	0.00921052830906538	0.00964894626931259	0.0131076572421346	0.00993072652873697	0.0202429149797571	0.145047544858779	0.0157018573255332	0.00580654889304921	0.0227261133795674	0.173141271119105	0.0080588111050336	0.00583992013847018	0.00616371600165388	0.0179133243397162	0.136865265390097	0.0498874981889932	0.00986923537076283	0.0257116622091303	0.0293527517095983	0.0108785658644084	0	0.0213346229317396	0.0212692793695897	0	0.0171394196098254	0	0.021978021978022	0	0.0279848798118846	0	0.0204988804361083	0.00600668314956177	0	0.125552964114869	0.0079340095866061	0	0	0.0460007649820451	0	0.0336538461538462	0	0	0	0	0	0	0.00740192652807213	0.0161952292512792	0.00623928542810625	0	0	0	0.0285725851845574	0.0451491681271863	0.00483850356709568	0	0	0.0662629561922572	0.104546154897552	0.0101887104389619	0	0.00505297065725279	0.00751587644224664	0.0291950813567919	0.00974960385422274	0.00612937748376612	0	0.0671977459437127	0.0663129973474801	0.0510249967746985	0.0369358427576559	0	0.00679910366525526	0.0185209004747337	0.0139975870239777	0	0.0223517757628353	0.339798707697888	0.0191454882374748	0.021978021978022	0.0196577404615366	0.0412375159036337	0.0172364696993832	0.0561392588591405	0.0278571526284672	0.00797655149792635	0.0097300851082104	0.105748603315841	0.02968634557646	0.0178307863681444	0.0307946914527509	0.043763506701301	0.0102564102564103	0.0435491166978691	0.0166595416086235	0.00561019198068825	0.0101223337686118	0.00961538461538462	0.0671439662264592	0.0521846557923052	0.0357685042288675	0.00568243734733167	0.00552988580530453	0.135601375464748	0.0410087684602449	0.0143737517836911	0.00550857595414948	0.00495762302074699	0.0179653602498813	0.0316323458574199	0.00482658311644737	0.0146170697358355	0.00593033341916692	0.0158680191732122	0.0340308469913434	0.0120133662991235	0.0123972763696212	0.0181309431073474	0.110455101325806	0.0278060342804635	0	0.0682824665958747	0.0443738423385562	0.00553346154819697	0	0.0566699591295198	0	0.0213346229317396	0.0155408083777263	0.00773106011737855	0.00696428815711681	
0	0.293736519859763	0.374266804360281	0.0516300126421729	0.00392667466173346	0.0769483764063866	0.120470755718014	0.0755352013181174	0.031650482901036	0.0173068093297407	1	0.0452712848825441	0.125667740875697	0.0822919777828383	0.0750455295910217	0.0792896167348997	0.0733897736629453	0.128631812747425	0.0625907916361298	0.0484848484848485	0.308357530135368	0.0630807878626101	0.046423834544263	0.06735534135731	0.109997159626886	0.0695436437373093	0.0566592699670074	0.080836149510669	0.0697405013559336	0.117624138146257	0.059793941532586	0.0429730143904547	0.0345639607499084	0.025	0.0199331368024325	0.174944506913039	0.0568772281458746	0.0190832773060385	0.0511533109779936	0	0.0550992297028479	0.0772727272727273	0.107186615714068	0.0763660801173008	0.137042665978442	0.0539608593320273	0.0757003786367319	0.136195597314759	0.0646447121411124	0.0400320384512718	0.00911117870155992	0.0459162781513691	0	0.118520738892063	0.111643093857896	0	0.12342233327197	0	0.0928524056103547	0.0300947595855407	0.0216495305549018	0.025714398521211	0.144688332157002	0.109178286685287	0.038575837490523	0.019580677053211	0.0651199075091902	0.103757169579911	0.227441264728053	0.0873426293482293	0.0135519271363624	0.0606985041569476	0.0325083750012854	0.0383148741101602	0.0445718488950418	0.252301803660146	0.0675186523674979	0.06321170927053	0.0611060065838483	0.213849637181306	0.00521399395160368	0.0662631964894015	0.0620657989756217	0.038763766610111	0.0724169399022495	0	0.0767045454545455	0.0709380442298957	0.0795422292284967	0.00415326070822618	0.0828869324603716	0.0216350588112265	0.110852582159009	0.0489770930691981	0.0472288221973199	0.110767573856021	0.0588164520863011	0.0668524316293026	0	0.0466604456886124	0.0528525158318132	0.100560228473099	0.0673361015278344	0.0447020480215762	0.073693535902872	0.0548578828146691	0.0385694607919935	0.032753486005586	0.0821392491319765	0.0386782967347047	0.0401799999944794	0.0863795215654021	0.0479275556700437	0.0944866811121455	0.0186817031028815	0.0736041028514667	0.0415905191816195	0.0566591126218865	0.0571164420397767	0.402393185374696	0.0989722563286311	0.0590369664248573	0.0412861411922385	0.101331309574626	0.0484012641499698	0.621950687801545	0.094160418811033	0.0497267016470095	0.0764287753210189	0.0200784592863357	0.0958304847501501	0.0227272727272727	0.061151530400093	0.0730296743340221	0	0.102235584461525	0.0582716546748065	0.0497096871579156	0	0.0828755869885082	0.0880875263863553	0.0624005884530586	0.0616883116883117	0.0193818833050555	0.048013829974836	
0	0.00991244349415301	0.0467247643981213	0.0665459290137395	0	0.0665385411360726	0.0409251332810666	0.114228704499251	0.00403199584646581	0.0730712756935851	0.0452712848825441	1	0.0913104535582173	0.303572199485534	0.0843253976333253	0.0657408427015628	0.0680957963469363	0.059203100873821	0.0879242391739509	0.19610537978578	0.0757781651476582	0.06428754352952	0.039785038235829	0.209745160169897	0.0777846730039984	0.088281693848028	0.0301839349690271	0.141881094379831	0.173422169116695	0.0743524297814181	0.0294182573405869	0.0583934692178766	0.0534059186476008	0.215407090394617	0.0325031425455816	0.109018854321429	0.0760794663947783	0.0138916760788206	0.0875815755251807	0	0.0233972065028721	0.0926482109224159	0.0834174447181901	0.0378016797294521	0.0436451050163593	0.0971971915425332	0.110212215878957	0.110012694135201	0.09122038086483	0.0556334511313154	0	0.0663831382882089	0	0.0921265006050588	0.0441183342392957	0	0.0460183324465976	0	0.0764308745760488	0.0536733434495059	0.0157597807181715	0.0455162455532025	0.127529743803364	0.0815957283259292	0.0607576995816238	0.00997763083696283	0.0763205230159198	0.110548535517454	0.0927169155747369	0.0815957283259292	0.00690558992054201	0.0672859742172117	0.0352009125364115	0.0282012249409679	0.0151415075446429	0.0817646852019538	0.112016776888854	0.0768530864280762	0.0217962444184366	0.112232909170826	0	0.0858442787951429	0.0406627313015432	0.0256784644190422	0.0290369701560452	0.00315561058676739	0.0376383356872315	0.0460059801896453	0.0274186712263622	0.00282180927681782	0.0690057744905598	0.0730371283669868	0.0733743642816649	0.0779906883429069	0.230198074585697	0.130446729695529	0.114990065032493	0.0298821666881352	0.157176639116791	0.0271731856873242	0.0227884467377886	0.0885088899508288	0.0758478693082719	0.0847870343962845	0.0393398326291284	0.0610839364602434	0.0218373927360139	0.0704690380996661	0.104992955009675	0.0537521249099507	0.0237071167808682	0.0245670668280157	0.521801419936298	0.0419744129926651	0.0342703621154212	0.0883207842246374	0.0247252594916986	0.0951061499056349	0.195970629467491	0.0526385585699573	0.0621613749502885	0.0812773668765728	0.0229505227041069	0.0838131791041881	0.0678248942644043	0.0643185365329352	0.0959617377680236	0.108113043987947	0.0978164567932864	0.0204625666405333	0.0554307785045314	0.00772068424353466	0.452711902270347	0.392431982935042	0	0.1417487432436	0.51153294140714	0.056551422572241	0	0.123071777099903	0.10358384880813	0.036339618107143	0.0297797820822051	0.0427974406984036	0.0800711180406291	
0	0.0306749909436896	0.10855103085164	0.400234554895981	0	0.105056014713558	0.169616093817887	0.10703546839508	0.0846680122967758	0.00835440708756919	0.125667740875697	0.0913104535582173	1	0.180158039652406	0.455150395159306	0.168020663516599	0.106104696276627	0.172927407199579	0.161958242662526	0.0375451769036034	0.367026247820235	0.13390452419596	0.0926954347361057	0.0660315587295287	0.587873329574904	0.12505451842321	0.0739714077416974	0.155122607272082	0.0502736536464868	0.486343113304626	0.320489407799424	0.141175074894938	0.066559965585251	0.0179192889767198	0.053884306619356	0.377783132592895	0.130129934544399	0.0399184512455339	0.10486258199911	0	0.0362024307127998	0.0870365464583534	0.0899988863978253	0.0442364603776274	0.146089516225505	0.173856496163334	0.115717495808853	0.106815078377647	0.128822848901708	0.139370014979468	0.0239456571305288	0.107044322755389	0	0.0769301652646996	0.112918179914849	0	0.0915480439660197	0	0.0925173229327107	0.156775438810837	0.0209014831173538	0.0685978797871393	0.118924397612022	0.0819823617526284	0.138250315902333	0.0183789995963784	0.10513235323729	0.0849945008049807	0.0899475305376173	0.102477952190786	0.0152642850515841	0.115146243858023	0.0697992132249266	0.0983001463111928	0.150611215651652	0.108202988596842	0.118496499821757	0.1049246125174	0.118153145093762	0.15000329384	0	0.12776654586797	0.119842529256165	0.0349294193958387	0.151099903572578	0	0.140794413388513	0.119125787140462	0.166010210527523	0	0.139382738651619	0.0258918110185972	0.131295445469965	0.112055142682476	0.0578222114461047	0.138626271853576	0.127088427705131	0.165130682365672	0	0.122005558613245	0.100744281340455	0.0909564695804233	0.0958034214515953	0.116085619147206	0.179185624061453	0.105270944535955	0.0868858337107196	0.0901805979278913	0.144265323469733	0.129376347579079	0.0881319674018559	0.135759115172999	0.114550261747647	0.0764081049283972	0.042084470871497	0.123019390519267	0.0910888650108859	0.0900964125143966	0.0965001114219522	0.135294835788335	0.114070436083199	0.108494453362854	0.109915860935382	0.119097452155403	0.106762498961034	0.1169473334082	0.0976850805435922	0.0914828926983143	0.144143927495334	0.050884828145366	0.128360100096412	0.0853299475081896	0.0935705897713728	0.104691187061367	0	0.160679432279354	0.128285784653108	0.130211092895353	0	0.142688103200857	0.0686892827321283	0.0903667293909915	0.10970993251053	0.120069879173196	0.0868567729381018	
0	0.0065475189085867	0.0755837304634483	0.166964406787615	0	0.0967969679337298	0.135162477421573	0.142156116150458	0.00887758538368132	0.0138695854995119	0.0822919777828383	0.303572199485534	0.180158039652406	1	0.0906742597715869	0.189980646318542	0.330588342003312	0.167596021814238	0.136651916079401	0.134294326184576	0.1374035588894	0.115687703421956	0.0627391617129833	0.197320361787287	0.157412753917665	0.142360804688657	0.082350769650525	0.147798164142537	0.147101609028458	0.121945767634423	0.157305028595011	0.133926903224785	0.0575432185995411	0.140244074813006	0.0536736831163819	0.142521379810578	0.0937261573111457	0.0581143026668831	0.12626149838246	0.0174921166582187	0.0875765255826323	0.101995690773095	0.129004360354363	0.0563034230451143	0.0549126340001555	0.188664291400945	0.0970654131648249	0.117716447766363	0.122740204681375	0.0734957174680664	0.0920007955768491	0.0802689411216915	0.0164380939713184	0.148751304482265	0.0996953492060618	0.019751380587456	0.0810579556260992	0.0219969563817265	0.0761286137417653	0.0675297874367039	0.0659293134552619	0.0440347237344948	0.134546643439481	0.077578812882959	0.0786913838399312	0.0915357979179947	0.122986773231203	0.0493863261918331	0.091864194468727	0.0694126220531738	0.144443888721103	0.105138145839461	0.0467308465012276	0.0907513309795272	0.0766781692548137	0.0923828946002228	0.174407442317427	0.100781822091724	0.0902680897800896	0.163783974839626	0	0.141127907364143	0.133052368481525	0.0674112184478287	0.102559422790592	0.0069479740278581	0.108370421446414	0.0709066732685419	0.108928480797331	0.00310650776257275	0.124430209567812	0.0576495873236034	0.130782236552853	0.109899953672323	0.23038478168943	0.122895123236444	0.136018701970499	0.111849948202436	0.14691611264836	0.046741793114014	0.0752628683336275	0.0923103897067259	0.133202901145084	0.114238707577037	0.122052394146406	0.0752252650995372	0.0745259060840439	0.0816619082978516	0.157759165157323	0.143335711892915	0.0711790348447877	0.171289380918972	0.299027258591739	0.0924186059365393	0.0125759912044554	0.110551066124924	0.120545026928122	0.0785262124315436	0.160204851409583	0.0956838557509067	0.103295051318806	0.151066107464236	0.0800091613149004	0.0955646045369573	0.138022473713346	0.118774330267289	0.140394686614317	0.128319304894165	0.149563016985871	0.0506859290330898	0.0610233105137298	0.0169992817955159	0.125567631852523	0.364986891951006	0	0.173388980860517	0.389296477453654	0.111543825355293	0	0.177995033476527	0.117835803956689	0.0800120027006752	0.0400697356608589	0.0471153677323534	0.106106081357149	
0	0.06522124427994	0.060999312329996	0.0763699762464897	0	0.0738363159080811	0.140248178363304	0.113465356735747	0.0147385896095127	0.00921052830906538	0.0750455295910217	0.0843253976333253	0.455150395159306	0.0906742597715869	1	0.0976257742036206	0.0632496339565546	0.115934723940042	0.15124657012781	0.0423333756667302	0.112022101752423	0.0700472413284572	0.0628888840848771	0.0975805247114082	0.353327692209371	0.0863578377365663	0.0527687195313521	0.133840845978874	0.0623536498059941	0.477016483942211	0.0460867419880189	0.0644802767766234	0.0456898852463676	0.0211666878333651	0.0594061225805484	0.313410240372477	0.158915134354787	0	0.112432361785462	0	0.0342105337193857	0.0762000762001143	0.0689710832959301	0.0243848047102727	0.134469987540783	0.128560830166362	0.0772168666129952	0.108991560527671	0.157461415783472	0.0881239487680591	0	0.0358019189149392	0	0.11973686801785	0.0297077253495461	0	0.0392503480980619	0	0.172953253803561	0.0910919125641254	0.0115216854970047	0.0554601483830463	0.123827266183964	0.155911601666566	0.104514906889283	0.0121574369767034	0.119275188978137	0.128843476312995	0.0903781730306882	0.149132836376715	0.00631068704718961	0.0952094260807784	0.0624445872752126	0.0753327941110527	0.0276741934103732	0.106182217560313	0.134539162087761	0.107414175443431	0.0531161098613322	0.102564266677039	0	0.07321903349815	0.0536751477321396	0.0433224288859106	0.061916149811621	0	0.0952500952501429	0.0600609375089459	0.0806169097658083	0	0.089155297240463	0.030224207383506	0.0936617640418794	0.125438623637748	0.0611976631544761	0.0871142711990666	0.0916689331967903	0.0611696451605951	0	0.0403524381691674	0.0530097711963927	0.0766269707235102	0.09901960831901	0.0855780174368473	0.0740804035685805	0.0548755463933686	0.04789474720714	0.0745664181883577	0.168557332793103	0.0720448460960588	0.0433295913938352	0.0336759941300203	0.102337512995756	0.0631785421252863	0.0487169486217939	0.0773951872645263	0.0430385284435295	0.0744968089276936	0.120574198974495	0.0648842643632423	0.0557344789030112	0.106107832780492	0.0885542740626486	0.109418342829607	0.0939119911585768	0.096698668774651	0.0784637902653461	0.120411670893243	0.162225866320512	0.0467493927877679	0.0434190230501668	0.0282222504444868	0.107457576600938	0.126755298174446	0	0.0996441309181926	0.123341792403528	0.10981921310423	0	0.108058823413627	0.107281679802223	0.182649676508463	0.0604762509524717	0.0661870441312523	0.119245133422697	
0	0.00759175032645887	0.0839866140132602	0.209396223036086	0.00510816108549831	0.109201269168793	0.143658966607306	0.126790686348973	0.0308802827493981	0.00964894626931259	0.0792896167348997	0.0657408427015628	0.168020663516599	0.189980646318542	0.0976257742036206	1	0.132520589291237	0.172733406835012	0.200257955028014	0.0335077024393814	0.116643076758149	0.154653411743264	0.0754902192972644	0.0989800755419204	0.153314898025852	0.13967057546943	0.353460117565385	0.161632844255418	0.0308463403697842	0.110403764728584	0.131430127387101	0.260880887981489	0.0623691649349106	0.0147828098997271	0.0570476806699666	0.105818885356619	0.145669509788395	0.0709291215421342	0.101147930517263	0	0.137382615929736	0.100523107318144	0.103944470271588	0.0681213679365955	0.071629175804214	0.143658966607306	0.15006119465406	0.0984306216316557	0.138002844181676	0.085217186062615	0.0592630819913451	0.0861250676927278	0	0.128049557782336	0.11263128630916	0	0.129230046267498	0	0.0464578894448384	0.0929809879755866	0.140817993629036	0.0404939618742299	0.091568047909002	0.0615457454896664	0.0912414835752265	0.152833521237179	0.115775333664446	0.0654430939150324	0.0710101070939738	0.0520771692604869	0.0705181180463927	0.0900442849722405	0.0462543935500803	0.0692268500369689	0.0850416612911641	0.0672911884474271	0.275758394960409	0.0894445806090732	0.143085647083183	0.0932867016375255	0.00678281836362978	0.140259171027247	0.145621453466752	0.0378204679244474	0.15443651694484	0	0.0886968593983624	0.0989938459648476	0.143039625165963	0.0126068226414825	0.124532078049728	0.0175904828866677	0.162046718852921	0.14733787795363	0.0507542651718877	0.137691854582195	0.113989610028581	0.147997286023001	0	0.0888821133718671	0.0899106005091507	0.0911758481141109	0.13600536749269	0.129227389481702	0.158256606566597	0.0792932460858519	0.0613244140671867	0.0757486098334355	0.166619646384681	0.163146155046822	0.0605227532668802	0.203833989939228	0.0942828663610674	0.0472755849055593	0.0194422318163419	0.103472466353043	0.121735298261181	0.086714256948163	0.104022873394169	0.100005859890034	0.148214222061521	0.102400584201254	0.110672298715185	0.0840595199286645	0.0682116374783157	0.112557213273511	0.133774256489861	0.135846549741337	0.147981724229481	0.0718294833036532	0.0977101371962361	0.0295656197994541	0.0900580160495231	0.107958379271883	0.00579829508803392	0.18093773891868	0.079250529011219	0.118806261463998	0.00609892168399333	0.147856177652007	0.0837402651800913	0.0811761312324748	0.0760258794843106	0.0336181937106199	0.126813905365546	
0	0.0103130495672431	0.0515894341311353	0.114318828681049	0	0.0815897427237846	0.111770138901362	0.0671733717434757	0.0125848403708071	0.0131076572421346	0.0733897736629453	0.0680957963469363	0.106104696276627	0.330588342003312	0.0632496339565546	0.132520589291237	1	0.118791827403402	0.0843029323678338	0.0353439307988712	0.103188561847975	0.331855923603592	0.0469865682362239	0.0687729618006054	0.0963998852546722	0.182405446409024	0.0901152592572811	0.0825374990368439	0.0354946097347589	0.0726211793735073	0.100566449854237	0.093661506888166	0.0342843492285582	0.012049067317797	0.101450218715943	0.093339152318253	0.0735003073210843	0.0260155812543542	0.0629169761002092	0.0289295719620464	0.0973711680844281	0.149408434740683	0.136382267821076	0.0624643638670862	0.0843309971475715	0.168985805243726	0.0898220002623536	0.108040547650441	0.094907003500873	0.0964697452336023	0.0998277095524657	0.0815204975872375	0.0233025963354444	0.189569492864371	0.159446805128592	0.0311105580394399	0.165977547162721	0.0155914121207156	0.0530131915126331	0.0957300390180013	0.108218244951842	0.0344405528286927	0.0898379826879665	0.0617406369495055	0.0929605725527417	0.13149103800511	0.0782541791575461	0.035004959387228	0.0653811690136958	0.0617406369495055	0.161655201528391	0.0756508894445874	0.0333920497962232	0.0925368810396592	0.0756165284603569	0.0749951813927998	0.144847387110112	0.0658486397766393	0.0809897425535588	0.0977598768878059	0	0.122657384042563	0.0846121874388824	0.059597778978854	0.0855963704531981	0	0.114466139519071	0.0793196186855915	0.102944474458021	0	0.0779837959080149	0.0200725355631543	0.0775514918143514	0.0811426400703568	0.0631412797567484	0.0874341393878156	0.09545531383347	0.0945131086896936	0	0.0636105945907082	0.081905302107718	0.0484662784946165	0.0939443097104819	0.0895302785377362	0.095502705220092	0.0926360091121031	0.0636158298151597	0.0578818471401614	0.126950165389066	0.161559632379318	0.0672688013354302	0.127799658110812	0.0632131893358644	0.0950481819921379	0.0158468357201592	0.10070161229788	0.0857483918575832	0.0777462822775322	0.10093597874658	0.0560395435973826	0.111043339765305	0.0845621479494467	0.0795935191227766	0.144815022514307	0.100503092178297	0.0701559002233026	0.118231555018614	0.0896343921952689	0.114962019143234	0.0585462632340467	0.118088204530993	0.024098134635594	0.0868612174913902	0.0844741883757527	0	0.122267623245997	0.085658528967332	0.0796749929939224	0	0.124279608056712	0.0898084452935505	0.0850685945179015	0.0654092225823266	0.123305749611422	0.0833071492154964	
